1676348035625 9.0 0
1676348035627 30.0 0
1676348035628 27.0 0
1676348035629 24.0 0
1676348035631 82.0 0
1676348035633 5.0 0
1676348035639 63.0 0
1676348035639 55.0 0
1676348035644 34.0 0
1676348035645 36.0 0
1676348035646 18.0 0
1676348035648 83.0 0
1676348035652 36.0 0
1676348035653 27.0 0
1676348035659 29.0 0
1676348035659 43.0 0
1676348035662 37.0 0
1676348035663 55.0 0
1676348035666 8.0 0
1676348035669 78.0 0
1676348035670 67.0 0
1676348035671 83.0 0
1676348035673 14.0 0
1676348035688 52.0 0
1676348035690 6.0 0
1676348035691 14.0 0
